0
0
0
1.39
0
0
0.75
1.72
0
0
64.51
390.02
0
0
109.38
3059.48
0
0
54.78
1788.5
0
0.34
0.93
32.52
0
2.06
14.36
139.29
0
159.31
117.45
277.91
0
15.36
277.08
3877.24
0
0
21.09
247.07
0
0
10.14
9.31
0
0.92
13.66
119.73
0
0
27.12
1496.61
0
0.48
0.56
1.97
0
0
88.86
62.42
0
0
0
11.01
0
0
0
3.6
0.79
4.3
3.5
70.09
0
0
0
24.98
0
0
7.16
108.96
0
0
1.49
7.5
0
0
0.67
2.85
0
5.18
17.75
191.73
0
0
0
6.83
0
0
20.07
476.89
0
0
2.5
152
0
0
0
2.94
0
0.97
291.49
61.47
0
0
8.6
342.34
0
0
0
41.44
0
0
0
56.37
0
0
0
1.54
0
0
0.49
1.77
0
0
0
1.41
0
1.15
1.28
38.91
0
0
0.57
4.99
0
0
0
259.5
0
0
1.92
6.4
0
0
0
80
0
0
0.63
2.63
0
0.85
4.01
73.08
0
0
0
3.05
0
0
0
14.75
