1.32
1.49
1.49
1.23
0.75
163.2
204.42
219.07
195.83
64.51
416.63
582.62
623.37
579.82
109.38
198.13
257.05
312.16
289.55
54.78
0.66
0.97
2.4
1.03
0.93
20.27
36.97
45.75
34.21
14.36
0
0
1190.76
0
117.45
486.3
695.04
884.11
818.23
277.08
98.71
150.59
175.91
160.21
21.09
62.49
103.33
173.08
160.8
27.12
0
0
0.23
0
0.56
325.05
465.75
539.01
493.4
88.86
3.65
3.91
4.93
4.91
3.5
0
0
1.29
1.43
0
12.65
10.07
8.96
9.07
7.16
1.12
1.27
1.48
1.55
0.67
38.12
57.44
66.97
62.95
17.75
39.92
61.57
79.23
73.38
20.07
2.84
3.59
5.03
5.05
2.5
751.88
1205.84
1379.8
1229.13
291.49
17.6
39.13
23.89
18.89
8.6
3.16
6.39
4.39
5.16
0
0.75
1.08
0.95
0.9
0
0.39
0.41
0.58
0.56
0.49
0
0
0
0
1.28
1.25
1.91
2.47
1.8
0.57
407.64
80.51
37.57
526.89
0
6.84
11.18
17.34
16.35
1.92
0
0
0.59
0.3
0
0
3.35
16.12
3.6
0
1.26
1.75
1.99
1.84
0.63
4.26
10.23
4.16
4.54
4.01
