44614	0
44614.00694	0
44614.01389	0
44614.02083	0
44614.02778	0
44614.03472	0
44614.04167	0
44614.04861	0
44614.05556	0
44614.0625	0
44614.06944	0
44614.07639	0
44614.08333	0
44614.09028	0
44614.09722	0
44614.10417	0
44614.11111	0
44614.11806	0
44614.125	0
44614.13194	0
44614.13889	0
44614.14583	0
44614.15278	0
44614.15972	0
44614.16667	0
44614.17361	0
44614.18056	0
44614.1875	0
44614.19444	0
44614.20139	0
44614.20833	0
44614.21528	0
44614.22222	0
44614.22917	0
44614.23611	0
44614.24306	0
44614.25	0
44614.25694	0
44614.26389	0
44614.27083	0
44614.27778	0
44614.28472	0
44614.29167	0
44614.29861	0
44614.30556	0
44614.3125	0
44614.31944	0
44614.32639	0
44614.33333	0
44614.34028	0
44614.34722	0
44614.35417	0
44614.36111	0
44614.36806	0
44614.375	0
44614.38194	0
44614.38889	0
44614.39583	0
44614.40278	0
44614.40972	0
44614.41667	0
44614.42361	0
44614.43056	0
44614.4375	0
44614.44444	0
44614.45139	0
44614.45833	0
44614.46528	0
44614.47222	0
44614.47917	0
44614.48611	0
44614.49306	0
44614.5	0
44614.50694	0
44614.51389	0
44614.52083	0
44614.52778	0
44614.53472	0
44614.54167	0
44614.54861	0
44614.55556	0
44614.5625	0
44614.56944	0
44614.57639	0
44614.58333	0
44614.59028	0
44614.59722	0
44614.60417	0
44614.61111	0
44614.61806	0
44614.625	0
44614.63194	0
44614.63889	0
44614.64583	0
44614.65278	0
44614.65972	0
44614.66667	0
44614.67361	0
44614.68056	0
44614.6875	0
44614.69444	0
44614.70139	0
44614.70833	0
44614.71528	0
44614.72222	0
44614.72917	0
44614.73611	0
44614.74306	0
44614.75	0
44614.75694	0
44614.76389	0
44614.77083	0
44614.77778	0
44614.78472	0
44614.79167	0
44614.79861	0
44614.80556	0
44614.8125	0
44614.81944	0
44614.82639	0
44614.83333	0
44614.84028	0
44614.84722	0
44614.85417	0
44614.86111	0
44614.86806	0
44614.875	0
44614.88194	0
44614.88889	0
44614.89583	0
44614.90278	0
44614.90972	0
44614.91667	0
44614.92361	0
44614.93056	0
44614.9375	0
44614.94444	0
44614.95139	0
44614.95833	0
44614.96528	0
44614.97222	0
44614.97917	0
44614.98611	0
44614.99306	0
44615	0
44615.00694	0
44615.01389	0
44615.02083	0
44615.02778	0
44615.03472	0
44615.04167	0
44615.04861	0
44615.05556	0
44615.0625	0
44615.06944	0
44615.07639	0
44615.08333	0
44615.09028	0
44615.09722	0
44615.10417	0
44615.11111	0
44615.11806	0
44615.125	0
44615.13194	0
44615.13889	0
44615.14583	0
44615.15278	0
44615.15972	0
44615.16667	0
44615.17361	0
44615.18056	0
44615.1875	0
44615.19444	0
44615.20139	0
44615.20833	0
44615.21528	0
44615.22222	0
44615.22917	0
44615.23611	0
44615.24306	0
44615.25	0
44615.25694	0
44615.26389	0
44615.27083	0
44615.27778	0
44615.28472	0
44615.29167	0
44615.29861	0
44615.30556	0
44615.3125	0
44615.31944	0
44615.32639	0
44615.33333	0
44615.34028	0
44615.34722	0
44615.35417	0
44615.36111	0
44615.36806	0
44615.375	0
44615.38194	0
44615.38889	0
44615.39583	0
44615.40278	0
44615.40972	0
44615.41667	0
44615.42361	0
44615.43056	0
44615.4375	0
44615.44444	0
44615.45139	0
44615.45833	0
44615.46528	0
44615.47222	0
44615.47917	0
44615.48611	0
44615.49306	0
44615.5	0
44615.50694	0
44615.51389	0
44615.52083	0
44615.52778	0
44615.53472	0
44615.54167	0
44615.54861	0
44615.55556	0
44615.5625	0
44615.56944	0
44615.57639	0
44615.58333	0
44615.59028	0
44615.59722	0
44615.60417	0
44615.61111	0
44615.61806	0
44615.625	0
44615.63194	0
44615.63889	0
44615.64583	0
44615.65278	0
44615.65972	0
44615.66667	0
44615.67361	0
44615.68056	0
44615.6875	0
44615.69444	0
44615.70139	0
44615.70833	0
44615.71528	0
44615.72222	0
44615.72917	0
44615.73611	0
44615.74306	0
44615.75	0
44615.75694	0
44615.76389	0
44615.77083	0
44615.77778	0
44615.78472	0
44615.79167	0
44615.79861	0
44615.80556	0
44615.8125	0
44615.81944	0
44615.82639	0
44615.83333	0
44615.84028	0
44615.84722	0
44615.85417	0
44615.86111	0
44615.86806	0
44615.875	0
44615.88194	0
44615.88889	0
44615.89583	0
44615.90278	0
44615.90972	0
44615.91667	0
44615.92361	0
44615.93056	0
44615.9375	0
44615.94444	0
44615.95139	0
44615.95833	0
44615.96528	0
44615.97222	0
44615.97917	0
44615.98611	0
44615.99306	0
44616	0
44616.00694	0
44616.01389	0
44616.02083	0
44616.02778	0
44616.03472	0
44616.04167	0
44616.04861	0
44616.05556	0
44616.0625	0
44616.06944	0
44616.07639	0
44616.08333	0
44616.09028	0
44616.09722	0
44616.10417	0
44616.11111	0
44616.11806	0
44616.125	0
44616.13194	0
44616.13889	0
44616.14583	0
44616.15278	0
44616.15972	0
44616.16667	0
44616.17361	0
44616.18056	0
44616.1875	0
44616.19444	0
44616.20139	0
44616.20833	0
44616.21528	0
44616.22222	0
44616.22917	0
44616.23611	0
44616.24306	0
44616.25	0
44616.25694	0
44616.26389	0
44616.27083	0
44616.27778	0
44616.28472	0
44616.29167	0
44616.29861	0
44616.30556	0
44616.3125	0
44616.31944	0
44616.32639	0
44616.33333	0
44616.34028	0
44616.34722	0
44616.35417	0
44616.36111	0
44616.36806	0
44616.375	0
44616.38194	0
44616.38889	0
44616.39583	0
44616.40278	0
44616.40972	0
44616.41667	0
44616.42361	0
44616.43056	0
44616.4375	0
44616.44444	0
44616.45139	0
44616.45833	0
44616.46528	0
44616.47222	0
44616.47917	0
44616.48611	0
44616.49306	0
44616.5	0
44616.50694	0
44616.51389	0
44616.52083	0
44616.52778	0
44616.53472	0
44616.54167	0
44616.54861	0
44616.55556	0
44616.5625	0
44616.56944	0
44616.57639	0
44616.58333	0
44616.59028	0
44616.59722	0
44616.60417	0
44616.61111	0
44616.61806	0
44616.625	0
44616.63194	0
44616.63889	0
44616.64583	0
44616.65278	0
44616.65972	0
44616.66667	0
44616.67361	0
44616.68056	0
44616.6875	0
44616.69444	0
44616.70139	0
44616.70833	0
44616.71528	0
44616.72222	0
44616.72917	0
44616.73611	0
44616.74306	0
44616.75	0
44616.75694	0
44616.76389	0
44616.77083	0
44616.77778	0
44616.78472	0
44616.79167	0
44616.79861	0
44616.80556	0
44616.8125	0
44616.81944	0
44616.82639	0
44616.83333	0
44616.84028	0
44616.84722	0
44616.85417	0
44616.86111	1.6
44616.86806	0.5
44616.875	0.1
44616.88194	0
44616.88889	0
44616.89583	0
44616.90278	0
44616.90972	0
44616.91667	0
44616.92361	0
44616.93056	0
44616.9375	0
44616.94444	0
44616.95139	0
44616.95833	0
44616.96528	0.1
44616.97222	0
44616.97917	0
44616.98611	0
44616.99306	0
44617	0
44617.00694	0
44617.01389	0
44617.02083	0.2
44617.02778	0
44617.03472	0
44617.04167	0
44617.04861	0
44617.05556	0.1
44617.0625	0.3
44617.06944	0
44617.07639	0
44617.08333	0
44617.09028	0.1
44617.09722	0
44617.10417	0
44617.11111	0
44617.11806	0
44617.125	0
44617.13194	0.1
44617.13889	0.1
44617.14583	0
44617.15278	0
44617.15972	0
44617.16667	0
44617.17361	0
44617.18056	0
44617.1875	0
44617.19444	0
44617.20139	0
44617.20833	0
44617.21528	0
44617.22222	0
44617.22917	0
44617.23611	0
44617.24306	0
44617.25	0
44617.25694	0
44617.26389	0
44617.27083	0
44617.27778	0
44617.28472	0
44617.29167	0
44617.29861	0
44617.30556	0
44617.3125	0
44617.31944	0
44617.32639	0
44617.33333	0
44617.34028	0
44617.34722	0
44617.35417	0
44617.36111	0
44617.36806	0
44617.375	0
44617.38194	0
44617.38889	0
44617.39583	0
44617.40278	0
44617.40972	0.1
44617.41667	0
44617.42361	1.8
44617.43056	0.3
44617.4375	0.8
44617.44444	0.4
44617.45139	0
44617.45833	0
44617.46528	0.2
44617.47222	0
44617.47917	0
44617.48611	0
44617.49306	0
44617.5	0.2
44617.50694	0
44617.51389	0
44617.52083	0
44617.52778	0
44617.53472	0
44617.54167	0
44617.54861	0
44617.55556	0.1
44617.5625	1.6
44617.56944	1.2
44617.57639	0.9
44617.58333	0
44617.59028	0
44617.59722	0
44617.60417	0
44617.61111	0
44617.61806	0
44617.625	0.3
44617.63194	0
44617.63889	0
44617.64583	0
44617.65278	0
44617.65972	0
44617.66667	0
44617.67361	0
44617.68056	0
44617.6875	0
44617.69444	0
44617.70139	0
44617.70833	0
44617.71528	0
44617.72222	0
44617.72917	0
44617.73611	0
44617.74306	0
44617.75	0
44617.75694	0
44617.76389	0
44617.77083	0
44617.77778	0
44617.78472	0
44617.79167	0
44617.79861	0
44617.80556	0
44617.8125	0
44617.81944	0
44617.82639	0
44617.83333	0
44617.84028	0
44617.84722	0
44617.85417	0.8
44617.86111	0.3
44617.86806	0
44617.875	0
44617.88194	0
44617.88889	0.1
44617.89583	0.1
44617.90278	0
44617.90972	0
44617.91667	0
44617.92361	0
44617.93056	0
44617.9375	0
44617.94444	0
44617.95139	0
44617.95833	0
44617.96528	0
44617.97222	0
44617.97917	0
44617.98611	0
44617.99306	0
44618	0
44618.00694	0
44618.01389	0
44618.02083	0
44618.02778	0
44618.03472	0
44618.04167	0
44618.04861	0
44618.05556	0
44618.0625	0
44618.06944	0
44618.07639	0
44618.08333	0
44618.09028	0
44618.09722	0
44618.10417	0
44618.11111	0
44618.11806	0
44618.125	0
44618.13194	0
44618.13889	0
44618.14583	0
44618.15278	0
44618.15972	0
44618.16667	0
44618.17361	0
44618.18056	0
44618.1875	0
44618.19444	0
44618.20139	0
44618.20833	0
44618.21528	0
44618.22222	0
44618.22917	0.2
44618.23611	0
44618.24306	0
44618.25	0
44618.25694	0
44618.26389	0
44618.27083	0
44618.27778	0
44618.28472	0
44618.29167	0
44618.29861	0
44618.30556	0
44618.3125	0
44618.31944	0.1
44618.32639	0.1
44618.33333	0.1
44618.34028	0.3
44618.34722	0
44618.35417	0
44618.36111	0
44618.36806	0
44618.375	0
44618.38194	0
44618.38889	0
44618.39583	0
44618.40278	0
44618.40972	0
44618.41667	0
44618.42361	0
44618.43056	0
44618.4375	0
44618.44444	0
44618.45139	0
44618.45833	0
44618.46528	0
44618.47222	0
44618.47917	0
44618.48611	0
44618.49306	0
44618.5	0
44618.50694	0
44618.51389	0
44618.52083	0
44618.52778	0
44618.53472	0
44618.54167	0
44618.54861	0
44618.55556	0
44618.5625	0
44618.56944	0
44618.57639	0
44618.58333	0
44618.59028	0
44618.59722	0
44618.60417	0
44618.61111	0.1
44618.61806	0.1
44618.625	0.5
44618.63194	0.1
44618.63889	0
44618.64583	0
44618.65278	0
44618.65972	0
44618.66667	0
44618.67361	0
44618.68056	0
44618.6875	0
44618.69444	0
44618.70139	0
44618.70833	0
44618.71528	0
44618.72222	0
44618.72917	0
44618.73611	0
44618.74306	0
44618.75	0
44618.75694	0
44618.76389	0
44618.77083	0
44618.77778	0
44618.78472	0
44618.79167	0
44618.79861	0
44618.80556	0
44618.8125	0
44618.81944	0
44618.82639	0
44618.83333	0
44618.84028	0
44618.84722	0
44618.85417	0
44618.86111	0
44618.86806	0
44618.875	0
44618.88194	0
44618.88889	0
44618.89583	0
44618.90278	0
44618.90972	0
44618.91667	0
44618.92361	0
44618.93056	0
44618.9375	0
44618.94444	0
44618.95139	0
44618.95833	0
44618.96528	0
44618.97222	0
44618.97917	0
44618.98611	0
44618.99306	0
44619	0
44619.00694	0
44619.01389	0
44619.02083	0
44619.02778	0
44619.03472	0
44619.04167	0
44619.04861	0
44619.05556	0
44619.0625	0
44619.06944	0
44619.07639	0
44619.08333	0
44619.09028	0
44619.09722	0
44619.10417	0
44619.11111	0
44619.11806	0
44619.125	0
44619.13194	0
44619.13889	0
44619.14583	0
44619.15278	0
44619.15972	0
44619.16667	0
44619.17361	0
44619.18056	0
44619.1875	0
44619.19444	0
44619.20139	0
44619.20833	0
44619.21528	0
44619.22222	0
44619.22917	0
44619.23611	0
44619.24306	0
44619.25	0
44619.25694	0
44619.26389	0
44619.27083	0
44619.27778	0
44619.28472	0
44619.29167	0
44619.29861	0
44619.30556	0
44619.3125	0
44619.31944	0
44619.32639	0
44619.33333	0
44619.34028	0
44619.34722	0
44619.35417	0
44619.36111	0
44619.36806	0
44619.375	0
44619.38194	0
44619.38889	0
44619.39583	0
44619.40278	0
44619.40972	0
44619.41667	0
44619.42361	0
44619.43056	0
44619.4375	0
44619.44444	0
44619.45139	0
44619.45833	0
44619.46528	0
44619.47222	0
44619.47917	0
44619.48611	0
44619.49306	0
44619.5	0
44619.50694	0
44619.51389	0
44619.52083	0
44619.52778	0
44619.53472	0
44619.54167	0
44619.54861	0
44619.55556	0
44619.5625	0
44619.56944	0
44619.57639	0
44619.58333	0
44619.59028	0
44619.59722	0
44619.60417	0
44619.61111	0
44619.61806	0
44619.625	0
44619.63194	0
44619.63889	0
44619.64583	0
44619.65278	0
44619.65972	0
44619.66667	0
44619.67361	0
44619.68056	0
44619.6875	0
44619.69444	0
44619.70139	0
44619.70833	0
44619.71528	0
44619.72222	0
44619.72917	0
44619.73611	0
44619.74306	0
44619.75	0
44619.75694	0
44619.76389	0
44619.77083	0
44619.77778	0
44619.78472	0
44619.79167	0
44619.79861	0
44619.80556	0
44619.8125	0
44619.81944	0
44619.82639	0
44619.83333	0
44619.84028	0
44619.84722	0
44619.85417	0
44619.86111	0
44619.86806	0
44619.875	0
44619.88194	0
44619.88889	0
44619.89583	0
44619.90278	0
44619.90972	0
44619.91667	0
44619.92361	0
44619.93056	0
44619.9375	0
44619.94444	0
44619.95139	0
44619.95833	0
44619.96528	0
44619.97222	0
44619.97917	0
44619.98611	0
44619.99306	0
